2.919025707442566286e-01
1.237982128627234335e+00
6.261111452936226618e-01
-6.339448388148494207e-02
2.122578368633348256e-01
-1.371386788470619233e+00
2.288847585601572476e-01
2.242318200478265577e+00
-2.255909549850642348e-01
-4.190318069946216695e-01
1.006143822208862559e+00
-6.234864578253712653e-01
-3.204734214969953143e-01
1.400260802473644872e-01
-3.731686454048063067e-02
1.288201723314063685e+00
-9.130013048406530052e-01
-7.949370997351596912e-01
2.151393208967052884e-01
1.213556305073898001e+00
2.503440762867678582e-01
-6.373105019825969775e-01
4.725164347611398030e-01
-7.326257619193593529e-01
2.902358770257876600e-02
1.397320140423841339e+00
3.760932187373729474e-01
2.145628700511021947e+00
-3.652422981744758435e-01
4.819944684259059864e-01
7.966960179391779917e-01
5.474053006961031309e-02
1.433121952785501307e-01
1.137980101912455355e+00
1.400108339872592422e+00
1.124206697012254397e+00
1.085082508290123871e+00
-3.388103290415098723e-01
-5.688357420186594959e-01
2.418110592405363413e+00
1.757699173151580974e+00
8.656244508709794172e-02
-5.493635558723501955e-01
2.069063652895229699e-01
-9.862006204207360849e-01
1.171650401479261916e+00
7.084590553353412590e-01
1.700404040115677806e-01
-3.855966872386614730e-01
-1.462344392054970577e+00
8.237387787321839294e-01
2.213299204387750851e+00
1.061857078257174791e+00
6.934012170148565746e-01
5.129256159829697070e-01
1.412272034278615751e-01
-6.330351420380646299e-02
1.190462379446654673e+00
-4.413274997079236761e-01
-1.267212828625866150e+00
-2.217162019911644855e-01
8.045461358169110344e-01
1.687747193915522859e+00
-1.516781097800057765e+00
-1.733454837151158778e-01
1.114260047008966303e+00
2.349635106873994642e-02
-1.370944990103798167e-01
-4.637014187845011071e-01
3.534094887075131530e-02
2.668957190529861911e+00
-1.197028067590840017e+00
7.548665686032050015e-01
-4.336003876965389137e-01
1.001456225015338874e-01
-8.193207073307529065e-01
-4.385534608355711184e-01
-1.237850309415071459e+00
1.303059693992968837e+00
2.113283261785444456e+00
6.874529281438649386e-01
8.610624222057822186e-02
-1.741192049682118714e+00
-2.160271177094016115e-01
-2.884043085231836057e-01
-1.945906497529431567e-01
-9.454458674571120103e-01
1.191039073831588579e+00
-1.867681714645616164e+00
4.557463151706139803e-01
1.133109933100628464e+00
1.238505970558104075e+00
-3.508815781144725698e-01
-5.799857349022268238e-01
1.614044676104569587e-01
1.469292750375959633e+00
-3.753206889280988334e-01
-2.262283085324107990e-01
-1.676442651697445108e+00
1.441664595277392324e+00
-8.710412219532233380e-02
7.606143269389615824e-01
1.478105268357308599e+00
2.585145472460677496e+00
9.867926657691170056e-02
-8.794105841196421525e-02
-1.522575754972711193e-01
1.303740988994327998e-01
-3.610927669375901261e-01
-1.123634842025949654e+00
1.766957382101038254e+00
1.089053243308615970e+00
5.812553653581813418e-01
-3.356044323521803485e-01
-8.440336980105846987e-01
-1.701477869363561546e-01
2.511023839590899032e-01
6.491524969786813815e-01
1.573216436279995634e+00
1.193053028742803612e+00
-1.821932000420623254e-01
-5.805180180876299278e-01
3.145321118745547206e+00
5.040773812313453783e-01
5.356966521693913297e-01
2.826776373060236325e-01
1.387688689554865684e+00
3.016894472463069882e-02
4.667816700244237782e-01
5.122956035447543410e-01
8.989826990578293486e-01
1.228514862922400086e+00
8.525986315695408546e-01
9.470096426939318413e-01
1.713357254454653256e-01
3.049522500212327181e-01
2.627082838095318729e-01
-1.560202781367057367e+00
3.451954267352417283e-01
-1.091871227748505646e+00
-7.705958321794792454e-01
-1.543997416873810202e+00
-1.128523392518252511e+00
-1.635330882109118145e+00
1.321969016452160028e+00
8.500102737698796984e-01
-2.808479543969867320e-01
-6.515952013916243013e-01
8.300099192719355701e-01
-2.069434972954624641e+00
3.894768322017189838e-02
7.312763566420092953e-01
3.801261195568341189e-01
-5.092089502613417890e-02
-1.994902204867037288e+00
3.390302097001954285e-01
1.262709362262867563e+00
-3.248727173407719993e-01
-5.583846907063741982e-01
-7.568360190576552127e-02
-1.060498015536245786e+00
1.075265736314713338e+00
-2.021655650526527292e+00
9.451055160323161841e-01
3.983027548714702659e-01
-4.873029702935969820e-01
2.868749154504078858e-01
-1.094584030734193192e+00
4.166567841963648988e-02
-1.043896517797852308e+00
3.017715162087583058e-01
1.629054136605901648e-01
5.248048005676645422e-01
3.254522421963153000e-01
-1.433150244032527665e+00
1.171955777466644033e+00
-6.252873392548839726e-02
-1.080602100774585295e-01
-1.501427779194224543e+00
-4.156675162130739065e-01
-2.102897931048500535e+00
-2.176348851976014132e+00
3.188249515533326250e-01
3.221988418473325511e-01
-2.262587401503991513e-01
5.791732825959604591e-01
1.089436982020779848e-01
3.406728616388886577e-01
1.232417011953349517e+00
2.429988226871802603e-01
-1.143520149287809984e+00
7.045124524698247459e-01
-7.632206759394791762e-01
1.677616408060170095e+00
-1.070138737056575140e+00
-3.066356026302705096e-01
8.122791570325202937e-01
-4.917770798788710929e-01
-1.130858004606261513e+00
1.951511830450156637e+00
-4.731558439097412194e-02
-1.981813982670209251e+00
1.139735165378299664e+00
-2.526495421323935453e-01
-6.290718734470326368e-01
-7.250311380760728897e-01
-2.284687802819057367e+00
-3.727393686569328152e-02
4.854573472504154080e-02
-1.850910303682215974e-03
8.710977328476287029e-01
1.700669808913253922e+00
3.728507450458340977e-01
7.521604223321496363e-01
1.544318511008451633e+00
-3.977356775054861626e-01
1.775815632084732643e-01
-1.958984986426486552e+00
-1.576305532012201915e+00
-1.836917865699108976e+00
-9.572776526205418746e-01
-8.983195396293771617e-01
2.050390981858689898e-01
-1.589099120218511463e-01
-1.214924268503077442e+00
-1.020399099861556413e+00
4.417459995476359369e-01
4.154720960460024370e-01
1.441034246058445767e+00
-1.106000581026954421e+00
3.789274422152885680e-01
-1.683989222569922672e+00
-1.267680428913244839e-01
-6.645162042879892983e-01
1.595404887323635112e-01
1.495530292063990352e+00
1.542936048944794747e+00
4.689274812851962904e-01
6.840146191490741323e-01
-1.478111076415542291e+00
7.354825975428689322e-01
-2.965722442199584252e-01
1.489164809701321479e+00
-4.725379497027099723e-02
-1.764200411537131030e+00
2.119467069606525422e-01
-1.919722453585498423e-01
2.108698688737332017e+00
1.330453851583479175e+00
-2.779610624782203332e-01
-3.016740302639128180e-01
-6.050403080259165317e-02
-4.547014998747562209e-01
1.105305681223334613e+00
3.717277713326104793e-01
1.690634656349552456e+00
7.649489841585480621e-01
-1.069950430814156084e+00
-8.801819058353662628e-01
-4.728697285849977616e-01
-1.641782733077891798e+00
2.404769192489245033e-01
9.484879204093422597e-03
-8.787926479490354437e-01
-1.595586108008514026e-01
-3.328549448715415471e-01
-8.544621351937875531e-01
-1.753234520592295898e+00
4.098697965738527516e-01
-5.542459356118415448e-01
-1.148318233552723333e+00
8.391584197329856123e-03
9.442138091106795361e-01
5.984416745211162958e-01
-1.006818869122136473e+00
1.177863150994835850e+00
8.836536787890535427e-01
2.733411979807224834e-01
-7.250456694899434229e-01
-2.746490201104739848e-01
-1.710042113386261331e+00
-1.081084731622323769e+00
-1.017855100216898470e-02
2.683230809986353882e-01
5.622399751878274232e-01
-5.127974666284391692e-01
4.211008147089435605e-01
3.631329341463130911e-01
-1.184117173558909109e+00
1.970773452444355700e-01
1.283533595706222386e+00
-8.327503683049737593e-02
-8.769982317305249353e-01
2.191609312498033812e+00
1.313397652437963692e-01
-1.099227991009352617e-01
-6.407884652935073033e-01
1.535404458611548062e+00
-1.894295246486395745e-01
2.648646810496804616e+00
-6.320609826113242347e-02
5.794188592607478760e-01
2.060442891705411075e-02
-1.632758177460656324e+00
2.620793527189086425e-01
-1.332766700216684752e+00
-1.782494956349082171e+00
-9.412699052308965975e-01
1.049782810867728039e-01
-1.394843209788709348e+00
-1.231456894868361962e+00
-9.853323554074732149e-01
1.009652385195998869e+00
1.714866211413085539e-01
-9.864152490224671332e-01
5.987976959820264788e-01
1.733947996037985328e+00
-1.753526479255983761e-01
1.794920177844431253e+00
1.022374637158030675e+00
-1.039672687933855144e+00
-1.625758811809454585e+00
-7.205618682609526982e-01
-4.376544903445538093e-02
5.761373171059345211e-01
-5.840481325074199370e-01
2.476681714858648409e-01
1.242659296926259316e+00
-1.056099014268922831e+00
6.736225176123561420e-01
3.408350795472361305e-01
-2.724300381594051856e+00
2.422766079378531057e+00
-1.304831216752425416e+00
-3.027653204287147348e-01
4.198773862617709574e-01
-2.673907163364307449e-01
1.497742021872102480e+00
2.763746053430333680e-02
1.380655608303865134e-01
-4.551670174547813308e-01
1.736551303004181035e+00
3.235564714471570458e-01
-5.529116165849767839e-02
-2.256151770390517619e-01
1.535949451586786418e+00
-1.146676533297365630e+00
2.898514837595345985e-03
5.761043769592933961e-01
8.070177454216982682e-02
1.885873663989352744e+00
-8.211055665122004577e-01
-2.081600540901771268e+00
6.259855588663529868e-01
-2.525218465802716583e-01
7.212708129819684899e-01
-9.010095656256502661e-01
6.665701128865969549e-01
-5.771932091842247869e-01
4.618991069785470249e-01
-1.533633150760400632e-01
8.095879164322329347e-01
-3.172066840327089632e-01
7.340634154162154479e-01
3.891044104947833371e-01
1.944395510854083908e-01
1.168006767320140249e-01
-2.146196799337088734e+00
1.514962302365839619e+00
5.167472276613317428e-01
1.610605884029557913e-02
-4.301937871056778495e-01
-2.897270634703011383e-01
-5.508946282855783361e-01
-2.362078288611490606e+00
3.498568773062171733e-01
1.063228870593843980e-02
6.475314513002233818e-01
-2.689623762658166495e-01
1.537064646311540883e-01
3.246731378243297023e-02
2.243792130098628823e-01
-1.299982788558981417e+00
-8.495792171242243507e-01
-1.160974597408965359e+00
-4.779844687380713913e-02
8.250555475725107613e-01
-1.499813684550840520e+00
-1.176402029661562709e+00
1.130599798743170181e+00
2.627514419458805706e-01
4.443037899041079042e-01
-5.308099638667969078e-01
-1.823635653209596086e+00
8.805664189746993387e-01
-1.838304335680764234e+00
-1.305949052544858047e-01
-7.339474018136223910e-01
-1.233558663028156310e+00
-5.796167794196071393e-02
9.513707283716987817e-02
-8.288957686086273480e-01
-1.547044156421669703e+00
-1.017423883995814515e+00
-5.897596734755847780e-01
1.220993572408552441e-01
-1.857923053411145498e+00
-2.447053548585573224e-01
-8.216740710917034285e-01
1.475057100834351820e+00
1.093793582858791115e-02
-2.113772311971505447e-01
2.209606421100110296e+00
2.312921809933654316e-01
2.689665450585660089e+00
-8.709325216282977344e-02
5.072873863756465207e-01
1.414202844680135573e+00
-8.039534035724438255e-01
7.289191357768133317e-01
-1.318289025109636636e+00
9.456068223362307235e-01
8.296796681115593541e-01
1.006490918447740190e+00
4.314784253571063433e-02
-3.711457974206264221e-02
-8.215212206968647290e-01
-1.479110894335572857e+00
6.472124634570217694e-01
-3.129072847806057406e-02
-7.678093643241519217e-01
-2.706814842827811041e-01
6.164400181982652160e-01
-7.622836377988851941e-01
8.636965097910290767e-01
-2.749893044464398750e-01
-9.123457205019279703e-01
-5.890118833042504720e-01
6.080913515699801764e-01
5.810803208809024456e-01
-2.406215578821451651e+00
-1.045629357704358914e-01
9.428825356456402851e-01
-5.809719987885035852e-01
3.994191378717856095e-02
6.967204849941935896e-01
-5.509006191591430124e-01
4.164060536928416711e-01
-5.312539825890062739e-02
1.342914854393492119e+00
-5.641054851034731366e-01
2.304426152335667055e+00
-3.826670262390616251e-01
1.024646280173133528e+00
3.548167987584178729e-01
8.280019178648792000e-01
3.644056061574468264e-01
6.699067040605021228e-01
-8.256211915392595024e-01
-8.943938925659922212e-01
3.767790742837031637e-01
-6.412508296799189766e-01
3.262509390373646290e-01
1.343490781909995567e-02
-1.240042985424744781e+00
1.416627268127464756e+00
1.604042248753358546e+00
-1.271169227072396213e-01
-9.606607482944129472e-02
1.848955624111915830e+00
5.272646229396424911e-01
-3.519077380163779800e-01
-7.750985334593301079e-01
-9.355066364561932524e-01
9.573437609513127944e-01
-2.153658951832455870e-01
5.326564842222311080e-01
1.681675149890196064e+00
1.094471077341785947e-01
2.932040650190480546e-01
-3.576968790198152282e-01
4.664078812285255560e-01
1.601754695984399124e+00
8.137243438632179027e-01
-1.084485660463561318e+00
-3.683237479235562661e-01
-4.685214194928671305e-01
-4.000673478190009402e-01
1.882468427197245608e+00
-5.747360070605962434e-01
7.122356228486199647e-01
-4.805866160935294389e-03
-1.904440237199456210e+00
-4.500825191983428009e-01
-6.622610752406370149e-02
-9.908704326636538218e-01
-1.660688106991208501e+00
-9.464766743246589842e-01
-7.827424530771703859e-01
3.934140695980594682e-01
-1.135061378227783413e+00
1.428554701614826783e+00
3.173249225651447070e+00
8.556757184984675746e-01
4.200007102603632303e-01
-1.193359053227532662e+00
-3.787527888657060693e-01
-3.234528971328330671e-02
-2.225891669071041468e-01
-4.744624038135052957e-01
1.378921203977843679e-01
-4.264870646020748612e-01
-3.149969887637936727e-01
-3.139909177703578136e-01
-1.541617835843468454e+00
2.394737849260230311e-01
1.278201580055916553e+00
2.439735468646341277e-01
3.991510846720372485e-01
-7.653349338965305115e-01
5.962816119142849008e-02
-5.341692146182612788e-01
1.963802706861671188e-01
-1.183682027814588311e+00
6.962772633973270953e-01
-6.501666991706532839e-01
6.545178888481146817e-01
-1.008024716949675437e+00
1.295558340436055333e+00
9.964595055667599954e-01
-1.554912011918316295e-01
-5.672022825307404537e-01
1.941900860144313512e+00
3.043711541442804536e-01
-9.347135875543589600e-01
-1.262907177637917489e+00
7.748449735154079310e-01
1.078914499641905556e+00
1.090082018392540597e+00
-3.622335206161298587e-02
1.460639703845058590e-01
-1.985693912278590600e+00
5.784017134686251227e-01
2.451311106504959092e+00
3.094660565474790515e-01
-1.817027586223199098e-01
5.813464723066742446e-01
-1.323384086686202332e+00
-1.379125153582085650e+00
3.583155378100876809e-01
-2.900792306303370816e-01
2.082911397289876065e-01
-4.951581172518006446e-01
-1.496897318860196668e-01
1.070364471446577648e+00
-1.023404228212550837e+00
8.676819968569062791e-01
-1.647131394297951301e+00
-8.338953076673636389e-01
-1.193938709491341399e+00
-6.928868935027495020e-03
-4.885848124687662830e-01
-1.165988810863272995e+00
-2.106449467867861802e+00
-8.216551873994198951e-02
1.009717521855247047e-01
-3.904717845464855674e-01
8.673558006909165563e-01
5.808742500997944314e-01
-6.878914590934707141e-01
1.060001979813082057e-01
8.605751448605755138e-01
8.790592925455609219e-01
-1.045056751098753622e+00
-1.246470843275846674e+00
-9.248446591908975334e-01
-6.028636644310191722e-02
-9.086678588271087653e-01
-4.989669141752456905e-01
3.220969627244208572e-03
-1.158097196571141463e-01
-5.543020301962945373e-01
-7.863326057398943858e-01
-2.040916771211026270e-01
-1.265550291596641452e+00
2.981166724395998280e-01
7.456716930523903386e-01
-8.726897617271793806e-01
-2.032297320683812192e+00
2.166026969921780732e-01
6.007223049879729659e-01
-2.131785806455251120e-01
6.371118742858210560e-01
-1.396466976605568622e+00
2.765777830811316562e+00
-8.643001120418649652e-01
8.068006583371947205e-01
-1.644189092233727223e+00
3.957772782152027546e-01
-6.198618906290440655e-01
-4.725038894609426970e-02
-9.341802252072875512e-02
-4.976591123531499128e-01
1.486294491741031676e+00
3.819440215713633680e-01
-4.194572752963857815e-02
1.086063225182603564e-01
-2.118825396425945584e+00
-9.120144858840062430e-01
-7.283848704401771901e-01
-4.413604122970309906e-01
4.590367815302691668e-01
7.643761085256155496e-01
-1.117299390349155930e+00
6.233102911303164961e-02
7.997056045224808507e-01
-2.139733599024848665e-01
1.241868009718876786e+00
-3.856560231418580953e-01
7.807164736786126324e-01
9.662056352658122682e-01
6.025163868379940224e-01
-9.595060419090885306e-02
-4.552033887070309759e-01
3.694802111925046817e-01
7.604148156576460149e-01
1.955806185986656898e+00
-1.153872031739988646e+00
-9.969421541428965527e-01
2.611523843222653518e+00
1.324867936959918113e-01
8.065154106124716379e-03
2.659099638051066194e-01
-4.427845339852297113e-01
-3.253776514985791402e-02
1.311965050069469507e+00
1.514025791126085985e-01
-5.459633045236257365e-01
-1.622019639176594197e+00
-4.950636562217824999e-01
2.509995552067601499e-01
3.782964818931241341e-02
-1.487239976181454981e+00
-3.503064485652616633e-01
4.575832610957996094e-01
-3.168412852267434854e-01
1.511923692493363891e+00
4.027427155192982444e-01
-1.638329673293726918e+00
-4.738635696844130107e-01
7.950751623217268138e-01
-3.608834476345640363e-01
-1.138815807083630949e+00
-5.685085771525891785e-01
-1.143373181050437504e+00
1.057986171738260595e+00
6.001221500280813359e-01
6.475135474880768793e-01
-3.396551273754195299e-01
1.446437595417529309e-01
-1.005951370951409518e-01
-2.447724486912010999e-01
-7.831621358281906087e-01
8.536896892177719964e-01
2.488474896424268945e-01
2.839682762865567422e-01
-4.182918414789704165e-01
-2.621635127492703554e-01
-1.226350376589738222e-02
2.369547789149992478e-01
1.563332298367392958e+00
-1.533638959262290991e+00
-1.689879843948858262e+00
-1.821530306342920680e+00
-3.549086656526750372e-01
1.578906221777429009e+00
4.685243586769776147e-01
5.014732246182228570e-01
-1.640591457419329435e+00
-1.849253781616574388e-01
2.639589833018889387e-01
-2.158585163025521225e-01
3.884861295159032779e-01
2.157330094064808801e+00
3.595869804032493788e-01
1.314440873323958203e-01
7.930609187233628177e-01
5.094889232289997461e-01
-1.215299608051631841e+00
-1.565854009873233865e+00
7.779230315834476661e-01
-6.855284197373907595e-01
7.683924568518486486e-01
4.153230333942559693e-01
-7.721596308729898883e-01
-9.704941700706629648e-01
-2.217528096791141490e-01
-3.074160054834741418e-01
2.034937578560326532e+00
-1.382594781178666743e+00
4.049006008865681516e-01
-4.953600978861746884e-02
-3.537852618645859759e-01
-1.419878075424468644e+00
-2.842345821670841724e-02
1.361197971876270119e-01
-6.855829950608871570e-01
-2.614247969482020872e-01
-1.067131606903250374e+00
2.216067107121064417e-01
-5.915833845291383897e-01
5.261166902141547475e-01
-1.272391006651713896e+00
-3.025017526841602411e-01
7.380596626061733945e-01
5.882318317383372630e-01
-1.532108882662119032e-01
-7.308626795980621704e-01
-9.775584197708481193e-02
-5.692911617185530959e-02
2.162539410955536742e-02
-7.108853081128617690e-01
1.077076863708887444e+00
-2.461254200750372378e-01
1.442659726054446867e-01
-2.244601923382391062e-01
-3.795770179118788112e-01
8.344453541444121214e-01
-3.520410701209916171e-01
-1.674675015866752825e-01
1.071562671610621464e+00
-7.435025848721090735e-01
-1.844222769118986430e-02
5.034113174117008649e-01
1.256683921880851207e+00
-3.960270688961350927e-01
-7.685814291122540221e-01
-2.953759824718790727e-01
-1.286016226134413909e+00
6.534426119216257822e-01
-2.784048076061631516e-01
3.394793758375531240e-02
-6.068838674323365212e-02
2.087536063486462590e-01
-6.571938422357234133e-01
1.855670216204470035e+00
1.524921418875557100e+00
6.959092696532588329e-01
1.683918394844204247e+00
-4.570253811194783244e-01
-2.561259002304365762e-01
1.951946875360354605e+00
-8.487995038750937304e-01
7.588903946656583299e-01
-3.299554195200097850e-01
-8.090531865219280361e-01
1.705891811436704708e-01
-1.172341070448586764e-01
-1.685929379459216448e-01
-6.868010337536859522e-01
-4.112900632969315184e-01
7.038315828379382300e-01
1.132941288693066539e+00
-9.455045650057118944e-01
-2.559642043293218761e-01
-1.857610972720121212e-01
9.500005169099886571e-01
-2.654914746906424927e-01
2.291721235180602889e+00
-3.183423051846380747e-01
-1.689020417361532800e-01
-1.056621299934354719e+00
6.635970356448106511e-01
-1.453523412593199282e+00
-9.708305570951397678e-01
8.703420182415764206e-01
-1.083223580438683831e+00
-1.058059344766421273e+00
-1.045908939239073021e+00
7.300332305898754592e-01
-1.037483638059989666e+00
-4.921628048773628583e-01
7.815094784442399023e-01
-1.018385454646284938e+00
1.595481273556830670e+00
1.851120358608870475e+00
8.220812411076008352e-01
-1.380187529115520506e-01
1.733075981586496672e+00
2.266482154850104069e-01
9.156433943836933542e-01
-1.321734421137647608e+00
1.573520354144435363e+00
7.956289698545996325e-01
-2.054133524135681732e+00
4.838896680791121563e-01
-2.454552780211608221e-01
-3.552776087671903615e-02
3.857094466306182912e-01
-1.023973135478416729e+00
-6.095492121594413559e-01
-3.968539251168636262e-01
2.049138544101821058e+00
4.665899285908175348e-02
-4.094800502176041967e-01
6.067870158865255048e-01
-1.995071503510724986e-01
8.656100537303408338e-01
-1.020925162070206893e+00
1.737646925275110332e-01
-6.082604163776836881e-01
-4.602355421766878285e-01
-5.991937890604482897e-01
1.488408764089128589e+00
1.314706036282769830e+00
-4.724807148162751824e-01
7.294284124700335381e-01
-1.059610679708826719e+00
1.999755807532602736e-01
-1.559909182913960191e+00
-9.917070307592049661e-01
1.550415210757899231e+00
1.032436472139343531e+00
-1.221112013261688167e+00
-1.031928969836954257e+00
-4.322779615060068914e-01
7.363785698779798938e-01
-8.217815117300612815e-02
-7.374924006215562988e-01
-1.583099309757240780e+00
-1.095428413335777451e+00
1.275584434846426668e-02
-4.237966359540568106e-02
3.767292251840941852e-01
-5.981240411275049601e-02
-4.279582985782532933e-01
2.797359577499321404e+00
-2.743761448415897863e+00
1.982544268655364705e+00
1.560385178722435873e+00
6.327323287315667066e-01
-4.738193051207904571e-01
-9.130220911942409368e-01
6.064540104969795564e-02
1.068467160828262097e+00
-1.111997783222875125e+00
-1.126613626573407023e+00
-3.377233733723808973e-01
-3.408575615521093893e-01
1.564474726561980722e-01
1.926201111320479109e+00
-1.821610301992231840e+00
2.287918052649472678e+00
-5.162914420826066886e-01
4.225477916787447885e-01
9.343379354419680816e-01
3.269207803721287109e-02
-2.297878607840417864e+00
-4.507940646180086386e-01
-1.779833011866452486e+00
-1.057239983015945795e+00
4.607000603319475474e-01
-1.194332557044628151e+00
5.462293776507002319e-01
2.291695133330113598e-01
-8.084644996572727393e-01
7.696217725261942366e-01
-1.315316584815445222e-01
3.853593981368399479e-01
4.977639752747893276e-01
-1.491661034711150746e+00
-2.609815178141824621e+00
3.225957525914207036e-01
-5.513471692805897995e-01
-3.704763858420694750e-02
-2.305052750231761927e-01
-2.178883108119461731e+00
1.367295771677123239e+00
1.869517333639841017e-01
-7.898160013145587577e-01
6.970397641960874857e-01
6.278373533737795498e-01
1.749659049194810301e+00
-1.240659943673653842e+00
-1.803385671332667028e+00
7.887346092451867907e-01
8.861221133847281273e-01
3.890803653711075727e-01
-5.769002576676444116e-01
-1.831136377775919755e+00
-5.752339942349785629e-01
1.656622669569800810e-01
2.455136079756574108e-01
-2.126762402632059512e+00
5.541975526959119769e-01
-9.579204778535248543e-01
7.538245070297777684e-01
4.873460347543105420e-01
-1.249829832973056720e-01
1.161521307111538448e+00
3.338991162034964377e-01
-1.501509722287094561e+00
-8.261212558200797806e-01
1.335483441258071835e+00
8.194674399984441804e-01
5.563017903491922489e-01
8.528623733436756504e-01
-1.959797190206749584e-01
4.265344960872829438e-01
1.221175046851465454e-02
9.224002081000316489e-01
1.550926568002792827e+00
-1.312741211564456778e+00
1.007721592215838680e+00
-9.384629318372578188e-01
-1.011989858288216138e-01
-1.945138815722519399e-01
-2.654164404200446969e-01
-2.361148349397164392e-01
-1.301923537207213766e+00
-5.137327086948287880e-01
5.323768278943561416e-01
-1.463082057240790768e+00
1.745425242652360431e+00
-5.564603951045258290e-01
2.086651507587208854e-01
4.115150747705805245e-01
1.121502351238035988e+00
9.467101395808839026e-01
1.477127568712479355e-01
-1.527457795126110351e+00
-7.169155509461322406e-01
-2.777039742723743099e-01
-9.569654184881982717e-01
-4.729819770476901275e-01
9.910093102653397823e-01
3.959269711812813952e-01
6.849862186322024094e-02
-4.369921807995595375e-01
4.435590212442772629e-01
1.044778914470147813e+00
-4.713282744171264915e-01
7.215914535285415932e-01
1.025634424857741478e-01
-2.165708452092788949e+00
-9.124971157582445480e-02
-9.820355180868874101e-02
-9.813384701554066503e-01
-1.775193136061614940e-01
4.876722830641959661e-01
-2.218210174857280670e+00
1.430983164143004416e+00
8.864179923932343774e-01
7.828832394024296537e-01
1.325393284014272366e+00
7.189373423037731525e-01
-4.470324605984393740e-01
-7.981096088965582425e-01
2.848423790652570564e-01
5.996131339601626919e-01
-7.013082594220212407e-01
-2.403898240738888137e-01
5.941866451799642235e-01
-1.821160384715479197e-01
2.414472287980196086e+00
2.213223609170436923e+00
-5.179492439250881208e-01
-1.228397843440965698e+00
5.752968445267109265e-01
8.161794513436095855e-01
-6.782560036597194975e-01
-6.172272686911519646e-01
-1.214988868655149323e+00
3.672518627497352584e-01
-1.162508146239729312e+00
-5.700961544551024635e-02
1.221238215610083611e+00
1.446468341343540631e+00
-8.549335936561659466e-01
-7.472951371784741781e-01
-3.363452388642230173e-01
-1.005638134581720911e+00
-2.513864856255893176e+00
3.679540019924465999e-01
9.819205474618035723e-01
1.972604659064213783e-01
1.165712422151246708e+00
-1.293321231566022522e+00
6.977536147116560061e-02
5.859957090732308138e-02
-6.755949840216591840e-01
1.366091507410724715e+00
-2.034002696143222710e+00
-1.183879076110534001e+00
1.950504959270536798e+00
3.005404969457945441e-01
-1.661404646492058657e+00
1.411862843102113407e+00
9.952383409309909501e-01
-1.993217217360417903e-01
