5.133239831697055111e-01
5.413744740532959732e-01
4.838709677419354982e-01
7.517531556802243831e-01
5.525946704067321580e-01
2.608695652173912971e-01
5.890603085553997031e-02
7.293127629733520134e-02
5.441795231416549639e-01
1.781206171107994340e-01
7.854137447405329375e-02
9.326788218793828911e-01
8.316970546984572277e-01
8.387096774193548709e-01
7.433380084151472444e-02
3.913043478260869734e-01
8.415147265077138616e-01
7.685834502103786603e-01
7.180925666199158286e-01
2.215988779803646502e-01
3.394109396914445909e-01
4.978962131837307292e-01
2.230014025245441733e-01
1.865357643758765727e-01
1.612903225806451568e-01
9.130434782608695121e-01
9.719495091164095379e-01
5.511921458625526071e-01
4.137447405329593431e-01
3.955119214586255150e-01
3.828892005610098348e-01
7.587657784011220263e-01
7.882187938288920392e-01
5.778401122019635183e-01
5.091164095371668585e-01
0.000000000000000000e+00
4.936886395511921322e-01
6.816269284712482834e-01
1.963534361851332344e-01
9.116409537166900168e-02
5.568022440392706995e-01
8.022440392706872148e-01
4.908835904628330860e-02
1.430575035063113565e-01
9.004207573632538875e-01
3.478260869565217295e-01
5.806451612903226200e-01
2.033660589060308499e-01
3.267882187938289107e-01
8.737727910238428652e-01
2.524544179523141585e-01
9.761570827489480795e-01
9.256661991584852478e-02
4.039270687237026536e-01
4.656381486676016701e-01
7.391304347826086474e-01
9.284712482468443495e-01
2.903225806451613100e-01
8.485273492286115049e-01
4.207573632538569308e-03
3.506311360448807757e-02
6.718092566619915385e-01
2.664796633941093895e-01
4.474053295932678975e-01
7.265077138849930227e-01
3.043478260869565410e-01
3.197755960729312674e-01
6.381486676016829840e-01
9.354838709677418818e-01
5.259467040673211358e-01
1.654978962131837261e-01
4.544179523141654853e-01
9.621318373071529040e-01
6.213183730715287068e-01
7.699859747545582112e-01
5.652173913043477826e-01
8.849929873772790501e-01
2.945301542776998516e-02
2.833099579242636668e-01
6.129032258064516236e-01
6.872370266479663758e-01
5.848527349228611616e-01
7.447405329593267398e-01
3.169705469845722212e-01
9.438990182328190759e-01
6.086956521739130821e-01
1.458625525946704027e-01
5.946704067321177956e-01
6.746143057503506402e-01
9.607293127629733531e-01
7.741935483870967527e-01
1.065918653576437558e-01
8.751753155680224161e-01
9.957924263674614029e-02
6.395511921458625348e-01
7.826086956521739468e-01
1.893408134642356189e-01
8.555399719495091482e-01
2.398316970546984506e-01
3.520336605890603265e-01
1.220196353436185099e-01
1.935483870967741882e-01
3.969144460028050658e-01
2.300140252454417888e-01
4.221598877980364817e-01
4.782608695652174058e-01
3.632538569424965114e-01
8.990182328190743366e-01
5.007012622720897754e-01
9.172510518934081647e-01
5.133239831697055111e-01
5.413744740532959732e-01
4.838709677419354982e-01
7.517531556802243831e-01
5.525946704067321580e-01
2.608695652173912971e-01
5.890603085553997031e-02
7.293127629733520134e-02
5.441795231416549639e-01
1.781206171107994340e-01
7.854137447405329375e-02
9.326788218793828911e-01
8.316970546984572277e-01
8.387096774193548709e-01
7.433380084151472444e-02
3.913043478260869734e-01
8.415147265077138616e-01
7.685834502103786603e-01
7.180925666199158286e-01
2.215988779803646502e-01
3.394109396914445909e-01
4.978962131837307292e-01
2.230014025245441733e-01
1.865357643758765727e-01
1.612903225806451568e-01
9.130434782608695121e-01
9.719495091164095379e-01
5.511921458625526071e-01
4.137447405329593431e-01
3.955119214586255150e-01
3.828892005610098348e-01
7.587657784011220263e-01
7.882187938288920392e-01
5.778401122019635183e-01
5.091164095371668585e-01
0.000000000000000000e+00
4.936886395511921322e-01
6.816269284712482834e-01
1.963534361851332344e-01
9.116409537166900168e-02
5.568022440392706995e-01
8.022440392706872148e-01
4.908835904628330860e-02
1.430575035063113565e-01
9.004207573632538875e-01
3.478260869565217295e-01
5.806451612903226200e-01
2.033660589060308499e-01
3.267882187938289107e-01
8.737727910238428652e-01
2.524544179523141585e-01
9.761570827489480795e-01
9.256661991584852478e-02
4.039270687237026536e-01
4.656381486676016701e-01
7.391304347826086474e-01
9.284712482468443495e-01
2.903225806451613100e-01
8.485273492286115049e-01
4.207573632538569308e-03
3.506311360448807757e-02
6.718092566619915385e-01
2.664796633941093895e-01
4.474053295932678975e-01
7.265077138849930227e-01
3.043478260869565410e-01
3.197755960729312674e-01
6.381486676016829840e-01
9.354838709677418818e-01
5.259467040673211358e-01
1.654978962131837261e-01
4.544179523141654853e-01
9.621318373071529040e-01
6.213183730715287068e-01
7.699859747545582112e-01
5.652173913043477826e-01
8.849929873772790501e-01
2.945301542776998516e-02
2.833099579242636668e-01
6.129032258064516236e-01
6.872370266479663758e-01
5.848527349228611616e-01
7.447405329593267398e-01
3.169705469845722212e-01
9.438990182328190759e-01
6.086956521739130821e-01
1.458625525946704027e-01
5.946704067321177956e-01
6.746143057503506402e-01
9.607293127629733531e-01
7.741935483870967527e-01
1.065918653576437558e-01
8.751753155680224161e-01
9.957924263674614029e-02
6.395511921458625348e-01
7.826086956521739468e-01
1.893408134642356189e-01
8.555399719495091482e-01
2.398316970546984506e-01
3.520336605890603265e-01
1.220196353436185099e-01
1.935483870967741882e-01
3.969144460028050658e-01
2.300140252454417888e-01
4.221598877980364817e-01
4.782608695652174058e-01
3.632538569424965114e-01
8.990182328190743366e-01
5.007012622720897754e-01
9.172510518934081647e-01
5.133239831697055111e-01
5.413744740532959732e-01
4.838709677419354982e-01
7.517531556802243831e-01
5.525946704067321580e-01
2.608695652173912971e-01
5.890603085553997031e-02
7.293127629733520134e-02
5.441795231416549639e-01
1.781206171107994340e-01
7.854137447405329375e-02
9.326788218793828911e-01
8.316970546984572277e-01
8.387096774193548709e-01
7.433380084151472444e-02
3.913043478260869734e-01
8.415147265077138616e-01
7.685834502103786603e-01
7.180925666199158286e-01
2.215988779803646502e-01
3.394109396914445909e-01
4.978962131837307292e-01
2.230014025245441733e-01
1.865357643758765727e-01
1.612903225806451568e-01
9.130434782608695121e-01
9.719495091164095379e-01
5.511921458625526071e-01
4.137447405329593431e-01
3.955119214586255150e-01
3.828892005610098348e-01
7.587657784011220263e-01
7.882187938288920392e-01
5.778401122019635183e-01
5.091164095371668585e-01
0.000000000000000000e+00
4.936886395511921322e-01
6.816269284712482834e-01
1.963534361851332344e-01
9.116409537166900168e-02
5.568022440392706995e-01
8.022440392706872148e-01
4.908835904628330860e-02
1.430575035063113565e-01
9.004207573632538875e-01
3.478260869565217295e-01
5.806451612903226200e-01
2.033660589060308499e-01
3.267882187938289107e-01
8.737727910238428652e-01
2.524544179523141585e-01
9.761570827489480795e-01
9.256661991584852478e-02
4.039270687237026536e-01
4.656381486676016701e-01
7.391304347826086474e-01
9.284712482468443495e-01
2.903225806451613100e-01
8.485273492286115049e-01
4.207573632538569308e-03
3.506311360448807757e-02
6.718092566619915385e-01
2.664796633941093895e-01
4.474053295932678975e-01
7.265077138849930227e-01
3.043478260869565410e-01
3.197755960729312674e-01
6.381486676016829840e-01
9.354838709677418818e-01
5.259467040673211358e-01
1.654978962131837261e-01
4.544179523141654853e-01
9.621318373071529040e-01
6.213183730715287068e-01
7.699859747545582112e-01
5.652173913043477826e-01
8.849929873772790501e-01
2.945301542776998516e-02
2.833099579242636668e-01
6.129032258064516236e-01
6.872370266479663758e-01
5.848527349228611616e-01
7.447405329593267398e-01
3.169705469845722212e-01
9.438990182328190759e-01
6.086956521739130821e-01
1.458625525946704027e-01
5.946704067321177956e-01
6.746143057503506402e-01
9.607293127629733531e-01
7.741935483870967527e-01
1.065918653576437558e-01
8.751753155680224161e-01
9.957924263674614029e-02
6.395511921458625348e-01
7.826086956521739468e-01
1.893408134642356189e-01
8.555399719495091482e-01
2.398316970546984506e-01
3.520336605890603265e-01
1.220196353436185099e-01
1.935483870967741882e-01
3.969144460028050658e-01
2.300140252454417888e-01
4.221598877980364817e-01
4.782608695652174058e-01
3.632538569424965114e-01
8.990182328190743366e-01
5.007012622720897754e-01
9.172510518934081647e-01
5.133239831697055111e-01
5.413744740532959732e-01
4.838709677419354982e-01
7.517531556802243831e-01
5.525946704067321580e-01
2.608695652173912971e-01
5.890603085553997031e-02
7.293127629733520134e-02
5.441795231416549639e-01
1.781206171107994340e-01
7.854137447405329375e-02
9.326788218793828911e-01
8.316970546984572277e-01
8.387096774193548709e-01
7.433380084151472444e-02
3.913043478260869734e-01
8.415147265077138616e-01
7.685834502103786603e-01
7.180925666199158286e-01
2.215988779803646502e-01
3.394109396914445909e-01
4.978962131837307292e-01
2.230014025245441733e-01
1.865357643758765727e-01
1.612903225806451568e-01
9.130434782608695121e-01
9.719495091164095379e-01
5.511921458625526071e-01
4.137447405329593431e-01
3.955119214586255150e-01
3.828892005610098348e-01
7.587657784011220263e-01
7.882187938288920392e-01
5.778401122019635183e-01
5.091164095371668585e-01
0.000000000000000000e+00
4.936886395511921322e-01
6.816269284712482834e-01
1.963534361851332344e-01
9.116409537166900168e-02
5.568022440392706995e-01
8.022440392706872148e-01
4.908835904628330860e-02
1.430575035063113565e-01
9.004207573632538875e-01
3.478260869565217295e-01
5.806451612903226200e-01
2.033660589060308499e-01
3.267882187938289107e-01
8.737727910238428652e-01
2.524544179523141585e-01
9.761570827489480795e-01
9.256661991584852478e-02
4.039270687237026536e-01
4.656381486676016701e-01
7.391304347826086474e-01
9.284712482468443495e-01
2.903225806451613100e-01
8.485273492286115049e-01
4.207573632538569308e-03
3.506311360448807757e-02
6.718092566619915385e-01
2.664796633941093895e-01
4.474053295932678975e-01
7.265077138849930227e-01
3.043478260869565410e-01
3.197755960729312674e-01
6.381486676016829840e-01
9.354838709677418818e-01
5.259467040673211358e-01
1.654978962131837261e-01
4.544179523141654853e-01
9.621318373071529040e-01
6.213183730715287068e-01
7.699859747545582112e-01
5.652173913043477826e-01
8.849929873772790501e-01
2.945301542776998516e-02
2.833099579242636668e-01
6.129032258064516236e-01
6.872370266479663758e-01
5.848527349228611616e-01
7.447405329593267398e-01
3.169705469845722212e-01
9.438990182328190759e-01
6.086956521739130821e-01
1.458625525946704027e-01
5.946704067321177956e-01
6.746143057503506402e-01
9.607293127629733531e-01
7.741935483870967527e-01
1.065918653576437558e-01
8.751753155680224161e-01
9.957924263674614029e-02
6.395511921458625348e-01
7.826086956521739468e-01
1.893408134642356189e-01
8.555399719495091482e-01
2.398316970546984506e-01
3.520336605890603265e-01
1.220196353436185099e-01
1.935483870967741882e-01
3.969144460028050658e-01
2.300140252454417888e-01
4.221598877980364817e-01
4.782608695652174058e-01
3.632538569424965114e-01
8.990182328190743366e-01
5.007012622720897754e-01
9.172510518934081647e-01
5.133239831697055111e-01
5.413744740532959732e-01
4.838709677419354982e-01
7.517531556802243831e-01
5.525946704067321580e-01
2.608695652173912971e-01
5.890603085553997031e-02
7.293127629733520134e-02
5.441795231416549639e-01
1.781206171107994340e-01
7.854137447405329375e-02
9.326788218793828911e-01
8.316970546984572277e-01
8.387096774193548709e-01
7.433380084151472444e-02
3.913043478260869734e-01
8.415147265077138616e-01
7.685834502103786603e-01
7.180925666199158286e-01
2.215988779803646502e-01
3.394109396914445909e-01
4.978962131837307292e-01
2.230014025245441733e-01
1.865357643758765727e-01
1.612903225806451568e-01
9.130434782608695121e-01
9.719495091164095379e-01
5.511921458625526071e-01
4.137447405329593431e-01
3.955119214586255150e-01
3.828892005610098348e-01
7.587657784011220263e-01
7.882187938288920392e-01
5.778401122019635183e-01
5.091164095371668585e-01
0.000000000000000000e+00
4.936886395511921322e-01
6.816269284712482834e-01
1.963534361851332344e-01
9.116409537166900168e-02
5.568022440392706995e-01
8.022440392706872148e-01
4.908835904628330860e-02
1.430575035063113565e-01
9.004207573632538875e-01
3.478260869565217295e-01
5.806451612903226200e-01
2.033660589060308499e-01
3.267882187938289107e-01
8.737727910238428652e-01
2.524544179523141585e-01
9.761570827489480795e-01
9.256661991584852478e-02
4.039270687237026536e-01
4.656381486676016701e-01
7.391304347826086474e-01
9.284712482468443495e-01
2.903225806451613100e-01
8.485273492286115049e-01
4.207573632538569308e-03
3.506311360448807757e-02
6.718092566619915385e-01
2.664796633941093895e-01
4.474053295932678975e-01
7.265077138849930227e-01
3.043478260869565410e-01
3.197755960729312674e-01
6.381486676016829840e-01
9.354838709677418818e-01
5.259467040673211358e-01
1.654978962131837261e-01
4.544179523141654853e-01
9.621318373071529040e-01
6.213183730715287068e-01
7.699859747545582112e-01
5.652173913043477826e-01
8.849929873772790501e-01
2.945301542776998516e-02
2.833099579242636668e-01
6.129032258064516236e-01
6.872370266479663758e-01
5.848527349228611616e-01
7.447405329593267398e-01
3.169705469845722212e-01
9.438990182328190759e-01
6.086956521739130821e-01
1.458625525946704027e-01
5.946704067321177956e-01
6.746143057503506402e-01
9.607293127629733531e-01
7.741935483870967527e-01
1.065918653576437558e-01
8.751753155680224161e-01
9.957924263674614029e-02
6.395511921458625348e-01
7.826086956521739468e-01
1.893408134642356189e-01
8.555399719495091482e-01
2.398316970546984506e-01
3.520336605890603265e-01
1.220196353436185099e-01
1.935483870967741882e-01
3.969144460028050658e-01
2.300140252454417888e-01
4.221598877980364817e-01
4.782608695652174058e-01
3.632538569424965114e-01
8.990182328190743366e-01
5.007012622720897754e-01
9.172510518934081647e-01
5.133239831697055111e-01
5.413744740532959732e-01
4.838709677419354982e-01
7.517531556802243831e-01
5.525946704067321580e-01
2.608695652173912971e-01
5.890603085553997031e-02
7.293127629733520134e-02
5.441795231416549639e-01
1.781206171107994340e-01
7.854137447405329375e-02
9.326788218793828911e-01
8.316970546984572277e-01
8.387096774193548709e-01
7.433380084151472444e-02
3.913043478260869734e-01
8.415147265077138616e-01
7.685834502103786603e-01
7.180925666199158286e-01
2.215988779803646502e-01
3.394109396914445909e-01
4.978962131837307292e-01
2.230014025245441733e-01
1.865357643758765727e-01
1.612903225806451568e-01
9.130434782608695121e-01
9.719495091164095379e-01
5.511921458625526071e-01
4.137447405329593431e-01
3.955119214586255150e-01
3.828892005610098348e-01
7.587657784011220263e-01
7.882187938288920392e-01
5.778401122019635183e-01
5.091164095371668585e-01
0.000000000000000000e+00
4.936886395511921322e-01
6.816269284712482834e-01
1.963534361851332344e-01
9.116409537166900168e-02
5.568022440392706995e-01
8.022440392706872148e-01
4.908835904628330860e-02
1.430575035063113565e-01
9.004207573632538875e-01
3.478260869565217295e-01
5.806451612903226200e-01
2.033660589060308499e-01
3.267882187938289107e-01
8.737727910238428652e-01
2.524544179523141585e-01
9.761570827489480795e-01
9.256661991584852478e-02
4.039270687237026536e-01
4.656381486676016701e-01
7.391304347826086474e-01
9.284712482468443495e-01
2.903225806451613100e-01
8.485273492286115049e-01
4.207573632538569308e-03
3.506311360448807757e-02
6.718092566619915385e-01
2.664796633941093895e-01
4.474053295932678975e-01
7.265077138849930227e-01
3.043478260869565410e-01
3.197755960729312674e-01
6.381486676016829840e-01
9.354838709677418818e-01
5.259467040673211358e-01
1.654978962131837261e-01
4.544179523141654853e-01
9.621318373071529040e-01
6.213183730715287068e-01
7.699859747545582112e-01
5.652173913043477826e-01
8.849929873772790501e-01
2.945301542776998516e-02
2.833099579242636668e-01
6.129032258064516236e-01
6.872370266479663758e-01
5.848527349228611616e-01
7.447405329593267398e-01
3.169705469845722212e-01
9.438990182328190759e-01
6.086956521739130821e-01
1.458625525946704027e-01
5.946704067321177956e-01
6.746143057503506402e-01
9.607293127629733531e-01
7.741935483870967527e-01
1.065918653576437558e-01
8.751753155680224161e-01
9.957924263674614029e-02
6.395511921458625348e-01
7.826086956521739468e-01
1.893408134642356189e-01
8.555399719495091482e-01
2.398316970546984506e-01
3.520336605890603265e-01
1.220196353436185099e-01
1.935483870967741882e-01
3.969144460028050658e-01
2.300140252454417888e-01
4.221598877980364817e-01
4.782608695652174058e-01
3.632538569424965114e-01
8.990182328190743366e-01
5.007012622720897754e-01
9.172510518934081647e-01
5.133239831697055111e-01
5.413744740532959732e-01
4.838709677419354982e-01
7.517531556802243831e-01
5.525946704067321580e-01
2.608695652173912971e-01
5.890603085553997031e-02
7.293127629733520134e-02
5.441795231416549639e-01
1.781206171107994340e-01
7.854137447405329375e-02
9.326788218793828911e-01
8.316970546984572277e-01
8.387096774193548709e-01
7.433380084151472444e-02
3.913043478260869734e-01
8.415147265077138616e-01
7.685834502103786603e-01
7.180925666199158286e-01
2.215988779803646502e-01
3.394109396914445909e-01
4.978962131837307292e-01
2.230014025245441733e-01
1.865357643758765727e-01
1.612903225806451568e-01
9.130434782608695121e-01
9.719495091164095379e-01
5.511921458625526071e-01
4.137447405329593431e-01
3.955119214586255150e-01
3.828892005610098348e-01
7.587657784011220263e-01
7.882187938288920392e-01
5.778401122019635183e-01
5.091164095371668585e-01
0.000000000000000000e+00
4.936886395511921322e-01
6.816269284712482834e-01
1.963534361851332344e-01
9.116409537166900168e-02
5.568022440392706995e-01
8.022440392706872148e-01
4.908835904628330860e-02
1.430575035063113565e-01
9.004207573632538875e-01
3.478260869565217295e-01
5.806451612903226200e-01
2.033660589060308499e-01
3.267882187938289107e-01
8.737727910238428652e-01
2.524544179523141585e-01
9.761570827489480795e-01
9.256661991584852478e-02
4.039270687237026536e-01
4.656381486676016701e-01
7.391304347826086474e-01
9.284712482468443495e-01
2.903225806451613100e-01
8.485273492286115049e-01
4.207573632538569308e-03
3.506311360448807757e-02
6.718092566619915385e-01
2.664796633941093895e-01
4.474053295932678975e-01
7.265077138849930227e-01
3.043478260869565410e-01
3.197755960729312674e-01
6.381486676016829840e-01
9.354838709677418818e-01
5.259467040673211358e-01
1.654978962131837261e-01
4.544179523141654853e-01
9.621318373071529040e-01
6.213183730715287068e-01
7.699859747545582112e-01
5.652173913043477826e-01
8.849929873772790501e-01
2.945301542776998516e-02
2.833099579242636668e-01
6.129032258064516236e-01
6.872370266479663758e-01
5.848527349228611616e-01
7.447405329593267398e-01
3.169705469845722212e-01
9.438990182328190759e-01
6.086956521739130821e-01
1.458625525946704027e-01
5.946704067321177956e-01
6.746143057503506402e-01
9.607293127629733531e-01
7.741935483870967527e-01
1.065918653576437558e-01
8.751753155680224161e-01
9.957924263674614029e-02
6.395511921458625348e-01
7.826086956521739468e-01
1.893408134642356189e-01
8.555399719495091482e-01
2.398316970546984506e-01
3.520336605890603265e-01
1.220196353436185099e-01
1.935483870967741882e-01
3.969144460028050658e-01
2.300140252454417888e-01
4.221598877980364817e-01
4.782608695652174058e-01
3.632538569424965114e-01
8.990182328190743366e-01
5.007012622720897754e-01
9.172510518934081647e-01
5.133239831697055111e-01
5.413744740532959732e-01
4.838709677419354982e-01
7.517531556802243831e-01
5.525946704067321580e-01
2.608695652173912971e-01
5.890603085553997031e-02
7.293127629733520134e-02
5.441795231416549639e-01
1.781206171107994340e-01
7.854137447405329375e-02
9.326788218793828911e-01
8.316970546984572277e-01
8.387096774193548709e-01
7.433380084151472444e-02
3.913043478260869734e-01
8.415147265077138616e-01
7.685834502103786603e-01
7.180925666199158286e-01
2.215988779803646502e-01
3.394109396914445909e-01
4.978962131837307292e-01
2.230014025245441733e-01
1.865357643758765727e-01
1.612903225806451568e-01
9.130434782608695121e-01
9.719495091164095379e-01
5.511921458625526071e-01
4.137447405329593431e-01
3.955119214586255150e-01
3.828892005610098348e-01
7.587657784011220263e-01
7.882187938288920392e-01
5.778401122019635183e-01
5.091164095371668585e-01
0.000000000000000000e+00
4.936886395511921322e-01
6.816269284712482834e-01
1.963534361851332344e-01
9.116409537166900168e-02
5.568022440392706995e-01
8.022440392706872148e-01
4.908835904628330860e-02
1.430575035063113565e-01
9.004207573632538875e-01
3.478260869565217295e-01
5.806451612903226200e-01
2.033660589060308499e-01
3.267882187938289107e-01
8.737727910238428652e-01
2.524544179523141585e-01
9.761570827489480795e-01
9.256661991584852478e-02
4.039270687237026536e-01
4.656381486676016701e-01
7.391304347826086474e-01
9.284712482468443495e-01
2.903225806451613100e-01
8.485273492286115049e-01
4.207573632538569308e-03
3.506311360448807757e-02
6.718092566619915385e-01
2.664796633941093895e-01
4.474053295932678975e-01
7.265077138849930227e-01
3.043478260869565410e-01
3.197755960729312674e-01
6.381486676016829840e-01
9.354838709677418818e-01
5.259467040673211358e-01
1.654978962131837261e-01
4.544179523141654853e-01
9.621318373071529040e-01
6.213183730715287068e-01
7.699859747545582112e-01
5.652173913043477826e-01
8.849929873772790501e-01
2.945301542776998516e-02
2.833099579242636668e-01
6.129032258064516236e-01
6.872370266479663758e-01
5.848527349228611616e-01
7.447405329593267398e-01
3.169705469845722212e-01
9.438990182328190759e-01
6.086956521739130821e-01
1.458625525946704027e-01
5.946704067321177956e-01
6.746143057503506402e-01
9.607293127629733531e-01
7.741935483870967527e-01
1.065918653576437558e-01
8.751753155680224161e-01
9.957924263674614029e-02
6.395511921458625348e-01
7.826086956521739468e-01
1.893408134642356189e-01
8.555399719495091482e-01
2.398316970546984506e-01
3.520336605890603265e-01
1.220196353436185099e-01
1.935483870967741882e-01
3.969144460028050658e-01
2.300140252454417888e-01
4.221598877980364817e-01
4.782608695652174058e-01
3.632538569424965114e-01
8.990182328190743366e-01
5.007012622720897754e-01
9.172510518934081647e-01
5.133239831697055111e-01
5.413744740532959732e-01
4.838709677419354982e-01
7.517531556802243831e-01
5.525946704067321580e-01
2.608695652173912971e-01
5.890603085553997031e-02
7.293127629733520134e-02
5.441795231416549639e-01
1.781206171107994340e-01
7.854137447405329375e-02
9.326788218793828911e-01
8.316970546984572277e-01
8.387096774193548709e-01
7.433380084151472444e-02
3.913043478260869734e-01
8.415147265077138616e-01
7.685834502103786603e-01
7.180925666199158286e-01
2.215988779803646502e-01
3.394109396914445909e-01
4.978962131837307292e-01
2.230014025245441733e-01
1.865357643758765727e-01
1.612903225806451568e-01
9.130434782608695121e-01
9.719495091164095379e-01
5.511921458625526071e-01
4.137447405329593431e-01
3.955119214586255150e-01
3.828892005610098348e-01
7.587657784011220263e-01
7.882187938288920392e-01
5.778401122019635183e-01
5.091164095371668585e-01
0.000000000000000000e+00
4.936886395511921322e-01
6.816269284712482834e-01
1.963534361851332344e-01
9.116409537166900168e-02
5.568022440392706995e-01
8.022440392706872148e-01
4.908835904628330860e-02
1.430575035063113565e-01
9.004207573632538875e-01
3.478260869565217295e-01
5.806451612903226200e-01
2.033660589060308499e-01
3.267882187938289107e-01
8.737727910238428652e-01
2.524544179523141585e-01
9.761570827489480795e-01
9.256661991584852478e-02
4.039270687237026536e-01
4.656381486676016701e-01
7.391304347826086474e-01
9.284712482468443495e-01
2.903225806451613100e-01
8.485273492286115049e-01
4.207573632538569308e-03
3.506311360448807757e-02
6.718092566619915385e-01
2.664796633941093895e-01
4.474053295932678975e-01
7.265077138849930227e-01
3.043478260869565410e-01
3.197755960729312674e-01
6.381486676016829840e-01
9.354838709677418818e-01
5.259467040673211358e-01
1.654978962131837261e-01
4.544179523141654853e-01
9.621318373071529040e-01
6.213183730715287068e-01
7.699859747545582112e-01
5.652173913043477826e-01
8.849929873772790501e-01
2.945301542776998516e-02
2.833099579242636668e-01
6.129032258064516236e-01
6.872370266479663758e-01
5.848527349228611616e-01
7.447405329593267398e-01
3.169705469845722212e-01
9.438990182328190759e-01
6.086956521739130821e-01
1.458625525946704027e-01
5.946704067321177956e-01
6.746143057503506402e-01
9.607293127629733531e-01
7.741935483870967527e-01
1.065918653576437558e-01
8.751753155680224161e-01
9.957924263674614029e-02
6.395511921458625348e-01
7.826086956521739468e-01
1.893408134642356189e-01
8.555399719495091482e-01
2.398316970546984506e-01
3.520336605890603265e-01
1.220196353436185099e-01
1.935483870967741882e-01
3.969144460028050658e-01
2.300140252454417888e-01
4.221598877980364817e-01
4.782608695652174058e-01
3.632538569424965114e-01
8.990182328190743366e-01
5.007012622720897754e-01
9.172510518934081647e-01
5.133239831697055111e-01
5.413744740532959732e-01
4.838709677419354982e-01
7.517531556802243831e-01
5.525946704067321580e-01
2.608695652173912971e-01
5.890603085553997031e-02
7.293127629733520134e-02
5.441795231416549639e-01
1.781206171107994340e-01
